0.993179 -0.00158966 11.5839 -0.00284615 0.988366 -100.622 0 0 0
0.97756 -0.00808579 30.9638 0.00260357 0.972059 -280.011 0 0 0
0.962347 0.00757725 37.1932 0.00341858 0.96804 -462.383 0 0 0
0.960448 0.00218364 43.8752 0.017457 0.95604 -642.802 0 0 0
0.959167 0.00344911 46.5367 0.028998 0.950587 -821.42 0 0 0
0.955669 0.0125043 43.6776 0.0393404 0.934212 -990.591 0 0 0
0.962857 -0.00921205 47.4207 0.0709411 0.923494 -1118.45 0 0 0
1.00558 0.0134652 -279.078 0.00744383 0.936671 -1142.2 0 0 0
0.993753 -0.0534735 -253.124 0.0643481 0.941842 -1067.82 0 0 0
0.992662 -0.0242586 -268.476 0.0322432 0.960824 -898.224 0 0 0
0.98954 -0.0128203 -274.715 0.0217106 0.97583 -721.57 0 0 0
0.986483 -0.00659077 -278.193 0.0114126 0.980762 -537.385 0 0 0
0.978313 -0.00378723 -277.769 0.00486244 0.995806 -354.413 0 0 0
0.978186 0.000453625 -282.995 0.00013433 0.991523 -163.731 0 0 0
0.979541 0.00134051 -287.82 0.00132534 0.984109 24.3024 0 0 0
0.980788 0.00192038 -293.459 0.00644923 0.989805 204.178 0 0 0
0.983751 0.000193141 -298.271 0.0146134 1.0069 383.113 0 0 0
1.01376 0.0138773 -633.65 0.00915567 1.00651 504.455 0 0 0
1.00792 0.0300041 -636.984 -0.00803312 1.00474 398.775 0 0 0
